                         0      0      0
                         0      0      0
                        95    115    167
                        87    109    164
                        79    103    162
                        71     97    160
                        65     91    158
                        69    104    166
                        74    118    174
                        79    132    182
                        84    146    191
                        89    159    199
                        94    173    207
                        98    187    216
                       103    201    224
                       111    214    232
                        97    214    197
                        82    214    162
                        67    214    126
                        53    214     91
                        17    209     23
                        16    200     22
                        15    192     21
                        15    183     20
                        14    175     19
                        13    166     18
                        13    158     17
                        12    149     16
                        11    141     15
                        11    132     14
                        10    124     13
                         9    115     12
                         9    107     11
                         8     98     10
                        29    104      9
                        70    125      8
                       111    146      7
                       152    168      6
                       193    189      5
                       234    210      4
                       255    221      0
                       255    211      0
                       255    201      0
                       255    192      0
                       255    182      0
                       255    172      0
                       255    162      0
                       255    153      0
                       255    143      0
                       255    133      0
                       255      0      0
                       241      0      0
                       227      0      0
                       213      0      0
                       198      0      0 
                       184      0      0 
                       170      0      0 
                       155      0      0 
                       141      0      0 
                       127      0      0 
                       113      0      0 
                       255    245    255 
                       255    223    255 
                       255    201    255
                       255    179    255
                       255    157    255
                       255    117    255
                       249     96    250
                       243     75    244
                       237     54    239
                       231     32    233
                       225     11    227
                         0      0      0
                         0      0      0
                         0      0      0
                         0      0      0
                         0      0      0
                         0      0      0
                         0      0      0
                         0      0      0
                         0      0      0
                         0      0      0
                         0      0      0
                         0      0      0
                         0      0      0
                         0      0      0
                         0      0      0
                         0      0      0
                         0      0      0
                         0      0      0
                         0      0      0
                         0      0      0
                         0      0      0
                         0      0      0
                         0      0      0
                         0      0      0
                         0      0      0
                         0      0      0
                         0      0      0
                         0      0      0
                         0      0      0
                         0      0      0
                         0      0      0
                         0      0      0
                         0      0      0
                         0      0      0
                         0      0      0
                         0      0      0
                         0      0      0
                         0      0      0
                         0      0      0
                         0      0      0
                         0      0      0
                         0      0      0
                         0      0      0
                         0      0      0
                         0      0      0
                         0      0      0
                         0      0      0
                         0      0      0
                         0      0      0
                         0      0      0
                         0      0      0
                         0      0      0
                         0      0      0
                         0      0      0
                         0      0      0
                         0      0      0
                         0      0      0
                        89     89     89
                        89     89     89
                        91     91     91
                        94     94     94
                        96     96     96
                        99     99     99
                       102    102    102
                       104    104    104
                       107    107    107
                       109    109    109
                       112    112    112
                       114    114    114
                       114    114    114
                       117    117    117
                       119    119    119
                       122    122    122
                       124    124    124
                       127    127    127
                       130    130    130
                       132    132    132
                       135    135    135
                       137    137    137
                       140    140    140
                       142    142    142
                       142    142    142
                       145    145    145
                       147    147    147
                       150    150    150
                       153    153    153
                       155    155    155
                       158    158    158
                       160    160    160
                       163    163    163
                       165    165    165
                       168    168    168
                       170    170    170
                       170    170    170
                       173    173    173
                       175    175    175
                       178    178    178
                       181    181    181
                       183    183    183
                       186    186    186
                       188    188    188
                       191    191    191
                       193    193    193
                       196    196    196
                       198    198    198
                       198    198    198
                       201    201    201
                       204    204    204
                       206    206    206
                       209    209    209
                       211    211    211
                       214    214    214
                       216    216    216
                       219    219    219
                       221    221    221
                       224    224    224
                       226    226    226
                       226    226    226
                       229    229    229
                       232    232    232
                       234    234    234
                       237    237    237
                       239    239    239
                       242    242    242
                       244    244    244
                       247    247    247
                       249    249    249
                       252    252    252
