! upc_ref24.tbl
! 29 Apr 2004	works!
!
!Color name    Abrev   Red  Green   Blue  X color name
                         0      0      0
                         0      0      0
                         0      0      0
                         0      0      0
                         0      0      0
                         0      0      0
                         0      0      0
                         0    236    236
                         1    160    246
                         0      0    246
                         0    255      0
                         0    200      0
                         0    144      0
                       255    255      0
                       231    192      0
                       255    144      0
                       255      0      0
                       214      0      0
                       192      0      0
                       255      0    255
                       153     85    201
                       255    255    255
